ansible_user=admin
ansible_password=centregy
ansible_host=1.0.0.100
config:
  id: 100
  name: MK-CLOUD
  public: 0.0.0.0
  model: null
  ports: 1
  oam: 10.255.1.100
  oam0: 10.252.1.198
  oam1: 10.252.1.199
  srv0: 10.252.2.198
  srv1: 10.252.2.199
  eip: 600
  breip: 10.100.1.100
  pool: 10.100.1000.11-10.100.1000.254
  br: 10.100.1000.1
  net: 10.100.1000.0
  ssidpool: 10.200.1000.11-10.200.1000.254
  ssidbr: 10.200.1000.1
  l3pool: 10.100.11000.11-10.100.11000.254
  l3br: 10.100.11000.1
  l2net: 10.100.11000.0
